$ python3 benchmarking.py 

Sike_Reference_Implementation

+-----------+--------+------------------+---------------+--------------+------------------+----------------+--------------+
| Parameter | Memory | sidh_sk_keygen_A | sidh_isogen_A | sidh_isoex_A | sidh_sk_keygen_B | sidh_isogen_B  | sidh_isoex_B |
+-----------+--------+------------------+---------------+--------------+------------------+----------------+--------------+
|    p434   | 11,304 |     176,904      | 1,804,222,611 |  22,631,277  |     177,406      | 2,441,422,509  |  54,232,679  |
|    p503   | 11,912 |     177,005      | 2,597,942,432 |  26,969,379  |     177,507      | 3,554,058,368  |  70,756,593  |
|    p610   | 13,000 |     212,107      | 4,434,526,827 |  34,653,272  |     212,186      | 5,963,101,044  |  99,908,937  |
|    p751   | 13,832 |     212,336      | 7,646,337,831 |  44,884,105  |     212,858      | 10,821,266,844 | 149,657,786  |
+-----------+--------+------------------+---------------+--------------+------------------+----------------+--------------+

Sike_Optimized_Implementation

+-----------+--------+--------------------+--------------------+--------------------------+--------------------------+----------------------------+----------------------------+
| Parameter | Memory | random_mod_order_A | random_mod_order_B | EphemeralKeyGeneration_A | EphemeralKeyGeneration_B | EphemeralSecretAgreement_A | EphemeralSecretAgreement_B |
+-----------+--------+--------------------+--------------------+--------------------------+--------------------------+----------------------------+----------------------------+
|    p434   | 7,720  |         90         |         57         |       194,932,002        |       215,702,626        |        158,061,535         |        181,708,340         |
|    p503   | 7,784  |         95         |         57         |       299,462,858        |       329,835,556        |        243,950,880         |        278,459,825         |
|    p610   | 11,288 |         96         |         53         |       618,958,459        |       616,667,764        |        515,975,033         |        522,486,909         |
|    p751   | 13,016 |         97         |         59         |       989,778,051        |      1,111,885,426       |        813,862,458         |        947,216,296         |
+-----------+--------+--------------------+--------------------+--------------------------+--------------------------+----------------------------+----------------------------+

Sike_Optimized_Implementation_Compressed

+-----------+--------+--------------------+--------------------+-------------------------------------+-------------------------------------+---------------------------------------+---------------------------------------+
| Parameter | Memory | random_mod_order_A | random_mod_order_B | EphemeralKeyGeneration_Compressed_A | EphemeralKeyGeneration_Compressed_B | EphemeralSecretAgreement_Compressed_A | EphemeralSecretAgreement_Compressed_B |
+-----------+--------+--------------------+--------------------+-------------------------------------+-------------------------------------+---------------------------------------+---------------------------------------+
|    p434   | 16,968 |         97         |        185         |             528,258,486             |             431,565,580             |              179,834,922              |              221,923,998              |
|    p503   | 19,080 |         95         |        145         |             794,432,496             |             645,468,066             |              276,743,834              |              342,844,648              |
|    p610   | 23,976 |         99         |        215         |            1,493,611,533            |            1,207,728,674            |              575,398,259              |              644,094,446              |
|    p751   | 28,008 |        107         |        200         |            2,529,544,090            |            2,152,304,140            |              917,387,726              |             1,142,807,805             |
+-----------+--------+--------------------+--------------------+-------------------------------------+-------------------------------------+---------------------------------------+---------------------------------------+

Sike_x64_Implementation

+-----------+--------+--------------------+--------------------+--------------------------+--------------------------+----------------------------+----------------------------+
| Parameter | Memory | random_mod_order_A | random_mod_order_B | EphemeralKeyGeneration_A | EphemeralKeyGeneration_B | EphemeralSecretAgreement_A | EphemeralSecretAgreement_B |
+-----------+--------+--------------------+--------------------+--------------------------+--------------------------+----------------------------+----------------------------+
|    p434   | 8,168  |         90         |         57         |        18,197,636        |        20,227,975        |         14,735,273         |         17,044,799         |
|    p503   | 8,520  |         95         |         57         |        25,309,825        |        28,024,313        |         20,595,673         |         23,672,739         |
|    p610   | 11,392 |         96         |         53         |        46,870,491        |        46,946,162        |         39,015,534         |         39,800,369         |
|    p751   | 13,328 |         97         |         59         |        67,976,631        |        76,798,386        |         55,840,033         |         65,465,094         |
+-----------+--------+--------------------+--------------------+--------------------------+--------------------------+----------------------------+----------------------------+

Sike_x64_Implementation_Compressed

+-----------+--------+--------------------+--------------------+-------------------------------------+-------------------------------------+---------------------------------------+---------------------------------------+
| Parameter | Memory | random_mod_order_A | random_mod_order_B | EphemeralKeyGeneration_Compressed_A | EphemeralKeyGeneration_Compressed_B | EphemeralSecretAgreement_Compressed_A | EphemeralSecretAgreement_Compressed_B |
+-----------+--------+--------------------+--------------------+-------------------------------------+-------------------------------------+---------------------------------------+---------------------------------------+
|    p434   | 19,240 |         97         |        142         |              51,409,535             |              41,524,398             |               17,062,659              |               21,478,570              |
|    p503   | 21,608 |         95         |        144         |              69,349,402             |              56,820,188             |               23,744,225              |               29,776,732              |
|    p610   | 27,264 |         99         |        179         |             123,015,424             |              94,364,632             |               44,070,044              |               49,604,617              |
|    p751   | 31,936 |        107         |        188         |             182,542,524             |             152,563,523             |               63,697,059              |               79,902,195              |
+-----------+--------+--------------------+--------------------+-------------------------------------+-------------------------------------+---------------------------------------+---------------------------------------+

